  -9.99000000000000       0.671386460607157     
  -9.98000000000000       0.668752427980654     
  -9.97000000000000       0.666126666386806     
  -9.96000000000000       0.663510661363949     
  -9.95000000000000       0.660905925931997     
  -9.94000000000000       0.658313998225030     
  -9.93000000000000       0.655736439109887     
  -9.92000000000000       0.653174829793435     
  -9.91000000000000       0.650630769421199     
  -9.90000000000000       0.648105872670016     
  -9.89000000000000       0.645601767337411     
  -9.88000000000000       0.643120091930361     
  -9.87000000000000       0.640662493256116     
  -9.86000000000000       0.638230624017734     
  -9.85000000000000       0.635826140416989     
  -9.84000000000000       0.633450699767277     
  -9.83000000000000       0.631105958119135     
  -9.82000000000000       0.628793567900988     
  -9.81000000000000       0.626515175577684     
  -9.80000000000000       0.624272419329371     
  -9.79000000000000       0.622066926753257     
  -9.78000000000000       0.619900312590733     
  -9.77000000000000       0.617774176482333     
  -9.76000000000000       0.615690100752952     
  -9.75000000000000       0.613649648229742     
  -9.74000000000000       0.611654360095002     
  -9.73000000000000       0.609705753776420     
  -9.72000000000000       0.607805320876904     
  -9.71000000000000       0.605954525146248     
  -9.70000000000000       0.604154800496810     
  -9.69000000000000       0.602407549065323     
  -9.68000000000000       0.600714139322921     
  -9.67000000000000       0.599075904235406     
  -9.66000000000000       0.597494139475724     
  -9.65000000000000       0.595970101690550     
  -9.64000000000000       0.594505006822847     
  -9.63000000000000       0.593100028492184     
  -9.62000000000000       0.591756296434531     
  -9.61000000000000       0.590474895003203     
  -9.60000000000000       0.589256861732548     
  -9.59000000000000       0.588103185965898     
  -9.58000000000000       0.587014807549252     
  -9.57000000000000       0.585992615592075     
  -9.56000000000000       0.585037447296524     
  -9.55000000000000       0.584150086856352     
  -9.54000000000000       0.583331264426651     
  -9.53000000000000       0.582581655165530     
  -9.52000000000000       0.581901878348746     
  -9.51000000000000       0.581292496558219     
  -9.50000000000000       0.580754014945294     
  -9.49000000000000       0.580286880569537     
  -9.48000000000000       0.579891481813756     
  -9.47000000000000       0.579568147875863     
  -9.46000000000000       0.579317148338133     
  -9.45000000000000       0.579138692814294     
  -9.44000000000000       0.579032930674838     
  -9.43000000000000       0.578999950850834     
  -9.42000000000000       0.579039781716457     
  -9.41000000000000       0.579152391050351     
  -9.40000000000000       0.579337686075879     
  -9.39000000000000       0.579595513580201     
  -9.38000000000000       0.579925660112074     
  -9.37000000000000       0.580327852258145     
  -9.36000000000000       0.580801756997470     
  -9.35000000000000       0.581346982133857     
  -9.34000000000000       0.581963076805598     
  -9.33000000000000       0.582649532072046     
  -9.32000000000000       0.583405781576407     
  -9.31000000000000       0.584231202284063     
  -9.30000000000000       0.585125115295630     
  -9.29000000000000       0.586086786733904     
  -9.28000000000000       0.587115428703741     
  -9.27000000000000       0.588210200323873     
  -9.26000000000000       0.589370208829551     
  -9.25000000000000       0.590594510744852     
  -9.24000000000000       0.591882113123414     
  -9.23000000000000       0.593231974856267     
  -9.22000000000000       0.594643008045389     
  -9.21000000000000       0.596114079441518     
  -9.20000000000000       0.597644011944684     
  -9.19000000000000       0.599231586165888     
  -9.18000000000000       0.600875542048242     
  -9.17000000000000       0.602574580545854     
  -9.16000000000000       0.604327365358670     
  -9.15000000000000       0.606132524721415     
  -9.14000000000000       0.607988653244723     
  -9.13000000000000       0.609894313806494     
  -9.12000000000000       0.611848039491451     
  -9.11000000000000       0.613848335576810     
  -9.10000000000000       0.615893681561948     
  -9.09000000000000       0.617982533239880     
  -9.08000000000000       0.620113324808323     
  -9.07000000000000       0.622284471018070     
  -9.06000000000000       0.624494369356356     
  -9.05000000000000       0.626741402262879     
  -9.04000000000000       0.629023939376052     
  -9.03000000000000       0.631340339807073     
  -9.02000000000000       0.633688954439342     
  -9.01000000000000       0.636068128250735     
  -9.00000000000000       0.638476202656194     
  -8.99000000000000       0.640911517868089     
  -8.98000000000000       0.643372415271780     
  -8.97000000000000       0.645857239813768     
  -8.96000000000000       0.648364342399828     
  -8.95000000000000       0.650892082300474     
  -8.94000000000000       0.653438829561127     
  -8.93000000000000       0.656002967414314     
  -8.92000000000000       0.658582894691222     
  -8.91000000000000       0.661177028229947     
  -8.90000000000000       0.663783805277753     
  -8.89000000000000       0.666401685884651     
  -8.88000000000000       0.669029155285636     
  -8.87000000000000       0.671664726268892     
  -8.86000000000000       0.674306941527315     
  -8.85000000000000       0.676954375990674     
  -8.84000000000000       0.679605639135790     
  -8.83000000000000       0.682259377272073     
  -8.82000000000000       0.684914275799838     
  -8.81000000000000       0.687569061438766     
  -8.80000000000000       0.690222504423980     
  -8.79000000000000       0.692873420667159     
  -8.78000000000000       0.695520673880180     
  -8.77000000000000       0.698163177658818     
  -8.76000000000000       0.700799897524014     
  -8.75000000000000       0.703429852918324     
  -8.74000000000000       0.706052119155140     
  -8.73000000000000       0.708665829318360     
  -8.72000000000000       0.711270176110189     
  -8.71000000000000       0.713864413644831     
  -8.70000000000000       0.716447859185845     
  -8.69000000000000       0.719019894825018     
  -8.68000000000000       0.721579969100643     
  -8.67000000000000       0.724127598553141     
  -8.66000000000000       0.726662369216028     
  -8.65000000000000       0.729183938040298     
  -8.64000000000000       0.731692034250316     
  -8.63000000000000       0.734186460629415     
  -8.62000000000000       0.736667094733440     
  -8.61000000000000       0.739133890030538     
  -8.60000000000000       0.741586876965574     
  -8.59000000000000       0.744026163947620     
  -8.58000000000000       0.746451938259014     
  -8.57000000000000       0.748864466884603     
  -8.56000000000000       0.751264097259802     
  -8.55000000000000       0.753651257936219     
  -8.54000000000000       0.756026459163657     
  -8.53000000000000       0.758390293387371     
  -8.52000000000000       0.760743435659565     
  -8.51000000000000       0.763086643964157     
  -8.50000000000000       0.765420759453963     
  -8.49000000000000       0.767746706599491     
  -8.48000000000000       0.770065493248655     
  -8.47000000000000       0.772378210596784     
  -8.46000000000000       0.774686033066394     
  -8.45000000000000       0.776990218096256     
  -8.44000000000000       0.779292105839425     
  -8.43000000000000       0.781593118769927     
  -8.42000000000000       0.783894761197941     
  -8.41000000000000       0.786198618693338     
  -8.40000000000000       0.788506357417613     
  -8.39000000000000       0.790819723364236     
  -8.38000000000000       0.793140541507626     
  -8.37000000000000       0.795470714860971     
  -8.36000000000000       0.797812223443261     
  -8.35000000000000       0.800167123155945     
  -8.34000000000000       0.802537544569737     
  -8.33000000000000       0.804925691622178     
  -8.32000000000000       0.807333840226656     
  -8.31000000000000       0.809764336793650     
  -8.30000000000000       0.812219596665080     
  -8.29000000000000       0.814702102462717     
  -8.28000000000000       0.817214402351685     
  -8.27000000000000       0.819759108220199     
  -8.26000000000000       0.822338893776725     
  -8.25000000000000       0.824956492565879     
  -8.24000000000000       0.827614695904427     
  -8.23000000000000       0.830316350738851     
  -8.22000000000000       0.833064357426008     
  -8.21000000000000       0.835861667438511     
  -8.20000000000000       0.838711280996518     
  -8.19000000000000       0.841616244627702     
  -8.18000000000000       0.844579648657243     
  -8.17000000000000       0.847604624629774     
  -8.16000000000000       0.850694342665248     
  -8.15000000000000       0.853852008750808     
  -8.14000000000000       0.857080861970786     
  -8.13000000000000       0.860384171677008     
  -8.12000000000000       0.863765234601692     
  -8.11000000000000       0.867227371915247     
  -8.10000000000000       0.870773926231359     
  -8.09000000000000       0.874408258561809     
  -8.08000000000000       0.878133745223528     
  -8.07000000000000       0.881953774700440     
  -8.06000000000000       0.885871744462699     
  -8.05000000000000       0.889891057745987     
  -8.04000000000000       0.894015120293567     
  -8.03000000000000       0.898247337063853     
  -8.02000000000000       0.902591108906299     
  -8.01000000000000       0.907049829208421     
  -8.00000000000000       0.911626880516850     
  -7.99000000000000       0.916325631135316     
  -7.98000000000000       0.921149431702516     
  -7.97000000000000       0.926101611752823     
  -7.96000000000000       0.931185476262866     
  -7.95000000000000       0.936404302186998     
  -7.94000000000000       0.941761334984690     
  -7.93000000000000       0.947259785142950     
  -7.92000000000000       0.952902824696847     
  -7.91000000000000       0.958693583751234     
  -7.90000000000000       0.964635147006803     
  -7.89000000000000       0.970730550293588     
  -7.88000000000000       0.976982777115064     
  -7.87000000000000       0.983394755205948     
  -7.86000000000000       0.989969353106886     
  -7.85000000000000       0.996709376759105     
  -7.84000000000000        1.00361756612222     
  -7.83000000000000        1.01069659181827     
  -7.82000000000000        1.01794905180512     
  -7.81000000000000        1.02537746808234     
  -7.80000000000000        1.03298428343263     
  -7.79000000000000        1.04077185820180     
  -7.78000000000000        1.04874246712050     
  -7.77000000000000        1.05689829617054     
  -7.76000000000000        1.06524143949895     
  -7.75000000000000        1.07377389638259     
  -7.74000000000000        1.08249756824634     
  -7.73000000000000        1.09141425573783     
  -7.72000000000000        1.10052565586133     
  -7.71000000000000        1.10983335917388     
  -7.70000000000000        1.11933884704629     
  -7.69000000000000        1.12904348899170     
  -7.68000000000000        1.13894854006455     
  -7.67000000000000        1.14905513833240     
  -7.66000000000000        1.15936430242329     
  -7.65000000000000        1.16987692915111     
  -7.64000000000000        1.18059379122150     
  -7.63000000000000        1.19151553502054     
  -7.62000000000000        1.20264267848882     
  -7.61000000000000        1.21397560908285     
  -7.60000000000000        1.22551458182627     
  -7.59000000000000        1.23725971745291     
  -7.58000000000000        1.24921100064371     
  -7.57000000000000        1.26136827835958     
  -7.56000000000000        1.27373125827210     
  -7.55000000000000        1.28629950729381     
  -7.54000000000000        1.29907245021006     
  -7.53000000000000        1.31204936841381     
  -7.52000000000000        1.32522939874531     
  -7.51000000000000        1.33861153243785     
  -7.50000000000000        1.35219461417130     
  -7.49000000000000        1.36597734123457     
  -7.48000000000000        1.37995826279838     
  -7.47000000000000        1.39413577929944     
  -7.46000000000000        1.40850814193712     
  -7.45000000000000        1.42307345228368     
  -7.44000000000000        1.43782966200875     
  -7.43000000000000        1.45277457271917     
  -7.42000000000000        1.46790583591457     
  -7.41000000000000        1.48322095305947     
  -7.40000000000000        1.49871727577248     
  -7.39000000000000        1.51439200613280     
  -7.38000000000000        1.53024219710452     
  -7.37000000000000        1.54626475307887     
  -7.36000000000000        1.56245643053452     
  -7.35000000000000        1.57881383881605     
  -7.34000000000000        1.59533344103032     
  -7.33000000000000        1.61201155506081     
  -7.32000000000000        1.62884435469947     
  -7.31000000000000        1.64582787089573     
  -7.30000000000000        1.66295799312233     
  -7.29000000000000        1.68023047085717     
  -7.28000000000000        1.69764091518075     
  -7.27000000000000        1.71518480048823     
  -7.26000000000000        1.73285746631540     
  -7.25000000000000        1.75065411927742     
  -7.24000000000000        1.76856983511951     
  -7.23000000000000        1.78659956087812     
  -7.22000000000000        1.80473811715165     
  -7.21000000000000        1.82298020047914     
  -7.20000000000000        1.84132038582558     
  -7.19000000000000        1.85975312917225     
  -7.18000000000000        1.87827277021065     
  -7.17000000000000        1.89687353513796     
  -7.16000000000000        1.91554953955262     
  -7.15000000000000        1.93429479144783     
  -7.14000000000000        1.95310319430112     
  -7.13000000000000        1.97196855025801     
  -7.12000000000000        1.99088456340742     
  -7.11000000000000        2.00984484314674     
  -7.10000000000000        2.02884290763427     
  -7.09000000000000        2.04787218732654     
  -7.08000000000000        2.06692602859816     
  -7.07000000000000        2.08599769744159     
  -7.06000000000000        2.10508038324426     
  -7.05000000000000        2.12416720264036     
  -7.04000000000000        2.14325120343460     
  -7.03000000000000        2.16232536859501     
  -7.02000000000000        2.18138262031209     
  -7.01000000000000        2.20041582412120     
  -7.00000000000000        2.21941779308532     
  -6.99000000000000        2.23838129203508     
  -6.98000000000000        2.25729904186301     
  -6.97000000000000        2.27616372386874     
  -6.96000000000000        2.29496798415217     
  -6.95000000000000        2.31370443805109     
  -6.94000000000000        2.33236567462016     
  -6.93000000000000        2.35094426114794     
  -6.92000000000000        2.36943274770837     
  -6.91000000000000        2.38782367174359     
  -6.90000000000000        2.40610956267443     
  -6.89000000000000        2.42428294653532     
  -6.88000000000000        2.44233635062988     
  -6.87000000000000        2.46026230820395     
  -6.86000000000000        2.47805336313225     
  -6.85000000000000        2.49570207461539     
  -6.84000000000000        2.51320102188342     
  -6.83000000000000        2.53054280890250     
  -6.82000000000000        2.54772006908107     
  -6.81000000000000        2.56472546997184     
  -6.80000000000000        2.58155171796612     
  -6.79000000000000        2.59819156297683     
  -6.78000000000000        2.61463780310662     
  -6.77000000000000        2.63088328929741     
  -6.76000000000000        2.64692092995804     
  -6.75000000000000        2.66274369556605     
  -6.74000000000000        2.67834462324050     
  -6.73000000000000        2.69371682128185     
  -6.72000000000000        2.70885347367578     
  -6.71000000000000        2.72374784455716     
  -6.70000000000000        2.73839328263088     
  -6.69000000000000        2.75278322554605     
  -6.68000000000000        2.76691120422016     
  -6.67000000000000        2.78077084710986     
  -6.66000000000000        2.79435588442499     
  -6.65000000000000        2.80766015228267     
  -6.64000000000000        2.82067759679806     
  -6.63000000000000        2.83340227810874     
  -6.62000000000000        2.84582837432949     
  -6.61000000000000        2.85795018543433     
  -6.60000000000000        2.86976213706290     
  -6.59000000000000        2.88125878424811     
  -6.58000000000000        2.89243481506216     
  -6.57000000000000        2.90328505417805     
  -6.56000000000000        2.91380446634380     
  -6.55000000000000        2.92398815976670     
  -6.54000000000000        2.93383138940481     
  -6.53000000000000        2.94332956016320     
  -6.52000000000000        2.95247822999247     
  -6.51000000000000        2.96127311288695     
  -6.50000000000000        2.96971008178037     
  -6.49000000000000        2.97778517133660     
  -6.48000000000000        2.98549458063341     
  -6.47000000000000        2.99283467573692     
  -6.46000000000000        2.99980199216490     
  -6.45000000000000        3.00639323723688     
  -6.44000000000000        3.01260529230923     
  -6.43000000000000        3.01843521489345     
  -6.42000000000000        3.02388024065596     
  -6.41000000000000        3.02893778529789     
  -6.40000000000000        3.03360544631330     
  -6.39000000000000        3.03788100462448     
  -6.38000000000000        3.04176242609301     
  -6.37000000000000        3.04524786290543     
  -6.36000000000000        3.04833565483237     
  -6.35000000000000        3.05102433036018     
  -6.34000000000000        3.05331260769414     
  -6.33000000000000        3.05519939563247     
  -6.32000000000000        3.05668379431045     
  -6.31000000000000        3.05776509581403     
  -6.30000000000000        3.05844278466251     
  -6.29000000000000        3.05871653815983     
  -6.28000000000000        3.05858622661421     
  -6.27000000000000        3.05805191342606     
  -6.26000000000000        3.05711385504394     
  -6.25000000000000        3.05577250078870     
  -6.24000000000000        3.05402849254593     
  -6.23000000000000        3.05188266432695     
  -6.22000000000000        3.04933604169870     
  -6.21000000000000        3.04638984108294     
  -6.20000000000000        3.04304546892539     
  -6.19000000000000        3.03930452073540     
  -6.18000000000000        3.03516877999698     
  -6.17000000000000        3.03064021695193     
  -6.16000000000000        3.02572098725625     
  -6.15000000000000        3.02041343051060     
  -6.14000000000000        3.01472006866631     
  -6.13000000000000        3.00864360430785     
  -6.12000000000000        3.00218691881346     
  -6.11000000000000        2.99535307039512     
  -6.10000000000000        2.98814529201957     
  -6.09000000000000        2.98056698921199     
  -6.08000000000000        2.97262173774406     
  -6.07000000000000        2.96431328120817     
  -6.06000000000000        2.95564552847989     
  -6.05000000000000        2.94662255107044     
  -6.04000000000000        2.93724858037146     
  -6.03000000000000        2.92752800479418     
  -6.02000000000000        2.91746536680520     
  -6.01000000000000        2.90706535986132     
  -6.00000000000000        2.89633282524569     
  -5.99000000000000        2.88527274880800     
  -5.98000000000000        2.87389025761095     
  -5.97000000000000        2.86219061648604     
  -5.96000000000000        2.85017922450093     
  -5.95000000000000        2.83786161134162     
  -5.94000000000000        2.82524343361189     
  -5.93000000000000        2.81233047105313     
  -5.92000000000000        2.79912862268749     
  -5.91000000000000        2.78564390288731     
  -5.90000000000000        2.77188243737393     
  -5.89000000000000        2.75785045914908     
  -5.88000000000000        2.74355430436193     
  -5.87000000000000        2.72900040811507     
  -5.86000000000000        2.71419530021270     
  -5.85000000000000        2.69914560085433     
  -5.84000000000000        2.68385801627742     
  -5.83000000000000        2.66833933435210     
  -5.82000000000000        2.65259642013180     
  -5.81000000000000        2.63663621136283     
  -5.80000000000000        2.62046571395667     
  -5.79000000000000        2.60409199742836     
  -5.78000000000000        2.58752219030452     
  -5.77000000000000        2.57076347550464     
  -5.76000000000000        2.55382308569898     
  -5.75000000000000        2.53670829864700     
  -5.74000000000000        2.51942643251953     
  -5.73000000000000        2.50198484120857     
  -5.72000000000000        2.48439090962817     
  -5.71000000000000        2.46665204900998     
  -5.70000000000000        2.44877569219713     
  -5.69000000000000        2.43076928894002     
  -5.68000000000000        2.41264030119756     
  -5.67000000000000        2.39439619844747     
  -5.66000000000000        2.37604445300915     
  -5.65000000000000        2.35759253538274     
  -5.64000000000000        2.33904790960783     
  -5.63000000000000        2.32041802864530     
  -5.62000000000000        2.30171032978584     
  -5.61000000000000        2.28293223008853     
  -5.60000000000000        2.26409112185290     
  -5.59000000000000        2.24519436812787     
  -5.58000000000000        2.22624929826091     
  -5.57000000000000        2.20726320349066     
  -5.56000000000000        2.18824333258640     
  -5.55000000000000        2.16919688753745     
  -5.54000000000000        2.15013101929573     
  -5.53000000000000        2.13105282357459     
  -5.52000000000000        2.11196933670695     
  -5.51000000000000        2.09288753156586     
  -5.50000000000000        2.07381431355021     
  -5.49000000000000        2.05475651663873     
  -5.48000000000000        2.03572089951500     
  -5.47000000000000        2.01671414176610     
  -5.46000000000000        1.99774284015790     
  -5.45000000000000        1.97881350498929     
  -5.44000000000000        1.95993255652819     
  -5.43000000000000        1.94110632153156     
  -5.42000000000000        1.92234102985205     
  -5.41000000000000        1.90364281113348     
  -5.40000000000000        1.88501769159742     
  -5.39000000000000        1.86647159092308     
  -5.38000000000000        1.84801031922261     
  -5.37000000000000        1.82963957411371     
  -5.36000000000000        1.81136493789160     
  -5.35000000000000        1.79319187480209     
  -5.34000000000000        1.77512572841760     
  -5.33000000000000        1.75717171911757     
  -5.32000000000000        1.73933494167511     
  -5.31000000000000        1.72162036295113     
  -5.30000000000000        1.70403281969745     
  -5.29000000000000        1.68657701647014     
  -5.28000000000000        1.66925752365423     
  -5.27000000000000        1.65207877560098     
  -5.26000000000000        1.63504506887865     
  -5.25000000000000        1.61816056063766     
  -5.24000000000000        1.60142926709098     
  -5.23000000000000        1.58485506211039     
  -5.22000000000000        1.56844167593932     
  -5.21000000000000        1.55219269402264     
  -5.20000000000000        1.53611155595395     
  -5.19000000000000        1.52020155454059     
  -5.18000000000000        1.50446583498654     
  -5.17000000000000        1.48890739419345     
  -5.16000000000000        1.47352908017972     
  -5.15000000000000        1.45833359161751     
  -5.14000000000000        1.44332347748763     
  -5.13000000000000        1.42850113685183     
  -5.12000000000000        1.41386881874227     
  -5.11000000000000        1.39942862216766     
  -5.10000000000000        1.38518249623542     
  -5.09000000000000        1.37113224038922     
  -5.08000000000000        1.35727950476118     
  -5.07000000000000        1.34362579063782     
  -5.06000000000000        1.33017245103882     
  -5.05000000000000        1.31692069140754     
  -5.04000000000000        1.30387157041212     
  -5.03000000000000        1.29102600085609     
  -5.02000000000000        1.27838475069689     
  -5.01000000000000        1.26594844417124     
  -5.00000000000000        1.25371756302555     
  -4.99000000000000        1.24169244785001     
  -4.98000000000000        1.22987329951468     
  -4.97000000000000        1.21826018070566     
  -4.96000000000000        1.20685301755984     
  -4.95000000000000        1.19565160139600     
  -4.94000000000000        1.18465559054054     
  -4.93000000000000        1.17386451224573     
  -4.92000000000000        1.16327776469820     
  -4.91000000000000        1.15289461911582     
  -4.90000000000000        1.14271422193039     
  -4.89000000000000        1.13273559705397     
  -4.88000000000000        1.12295764822656     
  -4.87000000000000        1.11337916144243     
  -4.86000000000000        1.10399880745289     
  -4.85000000000000        1.09481514434274     
  -4.84000000000000        1.08582662017786     
  -4.83000000000000        1.07703157572130     
  -4.82000000000000        1.06842824721513     
  -4.81000000000000        1.06001476922527     
  -4.80000000000000        1.05178917754652     
  -4.79000000000000        1.04374941216504     
  -4.78000000000000        1.03589332027518     
  -4.77000000000000        1.02821865934795     
  -4.76000000000000        1.02072310024807     
  -4.75000000000000        1.01340423039671     
  -4.74000000000000        1.00625955697673     
  -4.73000000000000       0.999286510177597     
  -4.72000000000000       0.992482446476817     
  -4.71000000000000       0.985844651954766     
  -4.70000000000000       0.979370345639916     
  -4.69000000000000       0.973056682881292     
  -4.68000000000000       0.966900758745048     
  -4.67000000000000       0.960899611432050     
  -4.66000000000000       0.955050225713314     
  -4.65000000000000       0.949349536380169     
  -4.64000000000000       0.943794431706018     
  -4.63000000000000       0.938381756916543     
  -4.62000000000000       0.933108317665248     
  -4.61000000000000       0.927970883511201     
  -4.60000000000000       0.922966191395879     
  -4.59000000000000       0.918090949116019     
  -4.58000000000000       0.913341838789387     
  -4.57000000000000       0.908715520310425     
  -4.56000000000000       0.904208634792719     
  -4.55000000000000       0.899817807995297     
  -4.54000000000000       0.895539653729749     
  -4.53000000000000       0.891370777245237     
  -4.52000000000000       0.887307778588463     
  -4.51000000000000       0.883347255935706     
  -4.50000000000000       0.879485808894082     
  -4.49000000000000       0.875720041769227     
  -4.48000000000000       0.872046566796619     
  -4.47000000000000       0.868462007333839     
  -4.46000000000000       0.864963001011078     
  -4.45000000000000       0.861546202837282     
  -4.44000000000000       0.858208288259349     
  -4.43000000000000       0.854945956171878     
  -4.42000000000000       0.851755931874987     
  -4.41000000000000       0.848634969977815     
  -4.40000000000000       0.845579857245356     
  -4.39000000000000       0.842587415386344     
  -4.38000000000000       0.839654503779979     
  -4.37000000000000       0.836778022139343     
  -4.36000000000000       0.833954913109408     
  -4.35000000000000       0.831182164797658     
  -4.34000000000000       0.828456813235341     
  -4.33000000000000       0.825775944767522     
  -4.32000000000000       0.823136698370114     
  -4.31000000000000       0.820536267892186     
  -4.30000000000000       0.817971904221900     
  -4.29000000000000       0.815440917374520     
  -4.28000000000000       0.812940678501001     
  -4.27000000000000       0.810468621815768     
  -4.26000000000000       0.808022246442354     
  -4.25000000000000       0.805599118175676     
  -4.24000000000000       0.803196871159775     
  -4.23000000000000       0.800813209479972     
  -4.22000000000000       0.798445908668442     
  -4.21000000000000       0.796092817122326     
  -4.20000000000000       0.793751857433553     
  -4.19000000000000       0.791421027629659     
  -4.18000000000000       0.789098402324982     
  -4.17000000000000       0.786782133781650     
  -4.16000000000000       0.784470452879950     
  -4.15000000000000       0.782161669997666     
  -4.14000000000000       0.779854175798142     
  -4.13000000000000       0.777546441926844     
  -4.12000000000000       0.775237021616344     
  -4.11000000000000       0.772924550199699     
  -4.10000000000000       0.770607745532296     
  -4.09000000000000       0.768285408322336     
  -4.08000000000000       0.765956422370187     
  -4.07000000000000       0.763619754716961     
  -4.06000000000000       0.761274455702730     
  -4.05000000000000       0.758919658934880     
  -4.04000000000000       0.756554581167219     
  -4.03000000000000       0.754178522090485     
  -4.02000000000000       0.751790864035057     
  -4.01000000000000       0.749391071586671     
  -4.00000000000000       0.746978691116098     
  -3.99000000000000       0.744553350223776     
  -3.98000000000000       0.742114757100485     
  -3.97000000000000       0.739662699805235     
  -3.96000000000000       0.737197045461597     
  -3.95000000000000       0.734717739373801     
  -3.94000000000000       0.732224804063995     
  -3.93000000000000       0.729718338232122     
  -3.92000000000000       0.727198515639943     
  -3.91000000000000       0.724665583920836     
  -3.90000000000000       0.722119863317005     
  -3.89000000000000       0.719561745345866     
  -3.88000000000000       0.716991691397402     
  -3.87000000000000       0.714410231264339     
  -3.86000000000000       0.711817961607089     
  -3.85000000000000       0.709215544355419     
  -3.84000000000000       0.706603705048903     
  -3.83000000000000       0.703983231118234     
  -3.82000000000000       0.701354970109550     
  -3.81000000000000       0.698719827853968     
  -3.80000000000000       0.696078766584560     
  -3.79000000000000       0.693432803003066     
  -3.78000000000000       0.690783006298666     
  -3.77000000000000       0.688130496121191     
  -3.76000000000000       0.685476440511176     
  -3.75000000000000       0.682822053789194     
  -3.74000000000000       0.680168594406963     
  -3.73000000000000       0.677517362762725     
  -3.72000000000000       0.674869698983433     
  -3.71000000000000       0.672226980676311     
  -3.70000000000000       0.669590620652386     
  -3.69000000000000       0.666962064624574     
  -3.68000000000000       0.664342788882968     
  -3.67000000000000       0.661734297949961     
  -3.66000000000000       0.659138122217847     
  -3.65000000000000       0.656555815571593     
  -3.64000000000000       0.653988952999414     
  -3.63000000000000       0.651439128193871     
  -3.62000000000000       0.648907951146133     
  -3.61000000000000       0.646397045736110     
  -3.60000000000000       0.643908047321120     
  -3.59000000000000       0.641442600325766     
  -3.58000000000000       0.639002355835683     
  -3.57000000000000       0.636588969197807     
  -3.56000000000000       0.634204097629815     
  -3.55000000000000       0.631849397841341     
  -3.54000000000000       0.629526523669597     
  -3.53000000000000       0.627237123731953     
  -3.52000000000000       0.624982839098070     
  -3.51000000000000       0.622765300984093     
  -3.50000000000000       0.620586128471426     
  -3.49000000000000       0.618446926252561     
  -3.48000000000000       0.616349282406398     
  -3.47000000000000       0.614294766205468     
  -3.46000000000000       0.612284925957431     
  -3.45000000000000       0.610321286883168     
  -3.44000000000000       0.608405349033753     
  -3.43000000000000       0.606538585248565     
  -3.42000000000000       0.604722439156705     
  -3.41000000000000       0.602958323223886     
  -3.40000000000000       0.601247616846881     
  -3.39000000000000       0.599591664497568     
  -3.38000000000000       0.597991773918566     
  -3.37000000000000       0.596449214372384     
  -3.36000000000000       0.594965214945950     
  -3.35000000000000       0.593540962912340     
  -3.34000000000000       0.592177602151447     
  -3.33000000000000       0.590876231631271     
  -3.32000000000000       0.589637903951447     
  -3.31000000000000       0.588463623950571     
  -3.30000000000000       0.587354347378788     
  -3.29000000000000       0.586310979637067     
  -3.28000000000000       0.585334374584491     
  -3.27000000000000       0.584425333414839     
  -3.26000000000000       0.583584603603638     
  -3.25000000000000       0.582812877926821     
  -3.24000000000000       0.582110793552005     
  -3.23000000000000       0.581478931203383     
  -3.22000000000000       0.580917814401083     
  -3.21000000000000       0.580427908775827     
  -3.20000000000000       0.580009621459600     
  -3.19000000000000       0.579663300552975     
  -3.18000000000000       0.579389234669660     
  -3.17000000000000       0.579187652558761     
  -3.16000000000000       0.579058722805132     
  -3.15000000000000       0.579002553608164     
  -3.14000000000000       0.579019192639218     
  -3.13000000000000       0.579108626977870     
  -3.12000000000000       0.579270783127035     
  -3.11000000000000       0.579505527106944     
  -3.10000000000000       0.579812664627886     
  -3.09000000000000       0.580191941341533     
  -3.08000000000000       0.580643043170566     
  -3.07000000000000       0.581165596716287     
  -3.06000000000000       0.581759169743746     
  -3.05000000000000       0.582423271743910     
  -3.04000000000000       0.583157354572245     
  -3.03000000000000       0.583960813163065     
  -3.02000000000000       0.584832986318873     
  -3.01000000000000       0.585773157573868     
  -3.00000000000000       0.586780556130702     
  -2.99000000000000       0.587854357869498     
  -2.98000000000000       0.588993686428050     
  -2.97000000000000       0.590197614352079     
  -2.96000000000000       0.591465164314305     
  -2.95000000000000       0.592795310401058     
  -2.94000000000000       0.594186979465049     
  -2.93000000000000       0.595639052542880     
  -2.92000000000000       0.597150366335766     
  -2.91000000000000       0.598719714751917     
  -2.90000000000000       0.600345850508917     
  -2.89000000000000       0.602027486794415     
  -2.88000000000000       0.603763298983330     
  -2.87000000000000       0.605551926409777     
  -2.86000000000000       0.607391974191771     
  -2.85000000000000       0.609282015106814     
  -2.84000000000000       0.611220591516314     
  -2.83000000000000       0.613206217336800     
  -2.82000000000000       0.615237380055805     
  -2.81000000000000       0.617312542790269     
  -2.80000000000000       0.619430146385237     
  -2.79000000000000       0.621588611550593     
  -2.78000000000000       0.623786341033545     
  -2.77000000000000       0.626021721824489     
  -2.76000000000000       0.628293127393905     
  -2.75000000000000       0.630598919957824     
  -2.74000000000000       0.632937452769448     
  -2.73000000000000       0.635307072434409     
  -2.72000000000000       0.637706121247168     
  -2.71000000000000       0.640132939545994     
  -2.70000000000000       0.642585868083966     
  -2.69000000000000       0.645063250413396     
  -2.68000000000000       0.647563435281067     
  -2.67000000000000       0.650084779031651     
  -2.66000000000000       0.652625648016669     
  -2.65000000000000       0.655184421006327     
  -2.64000000000000       0.657759491601570     
  -2.63000000000000       0.660349270643674     
  -2.62000000000000       0.662952188618703     
  -2.61000000000000       0.665566698054142     
  -2.60000000000000       0.668191275905040     
  -2.59000000000000       0.670824425926974     
  -2.58000000000000       0.673464681033174     
  -2.57000000000000       0.676110605633141     
  -2.56000000000000       0.678760797950108     
  -2.55000000000000       0.681413892314720     
  -2.54000000000000       0.684068561432297     
  -2.53000000000000       0.686723518621086     
  -2.52000000000000       0.689377520018933     
  -2.51000000000000       0.692029366755802     
  -2.50000000000000       0.694677907089632     
  -2.49000000000000       0.697322038503025     
  -2.48000000000000       0.699960709758290     
  -2.47000000000000       0.702592922908434     
  -2.46000000000000       0.705217735261682     
  -2.45000000000000       0.707834261297182     
  -2.44000000000000       0.710441674529574     
  -2.43000000000000       0.713039209320159     
  -2.42000000000000       0.715626162632437     
  -2.41000000000000       0.718201895729845     
  -2.40000000000000       0.720765835813553     
  -2.39000000000000       0.723317477598269     
  -2.38000000000000       0.725856384824017     
  -2.37000000000000       0.728382191701931     
  -2.36000000000000       0.730894604292163     
  -2.35000000000000       0.733393401812075     
  -2.34000000000000       0.735878437872910     
  -2.33000000000000       0.738349641643264     
  -2.32000000000000       0.740807018937676     
  -2.31000000000000       0.743250653228787     
  -2.30000000000000       0.745680706581542     
  -2.29000000000000       0.748097420508001     
  -2.28000000000000       0.750501116741401     
  -2.27000000000000       0.752892197928174     
  -2.26000000000000       0.755271148236702     
  -2.25000000000000       0.757638533881693     
  -2.24000000000000       0.759995003563096     
  -2.23000000000000       0.762341288818594     
  -2.22000000000000       0.764678204288774     
  -2.21000000000000       0.767006647894155     
  -2.20000000000000       0.769327600923350     
  -2.19000000000000       0.771642128031713     
  -2.18000000000000       0.773951377149901     
  -2.17000000000000       0.776256579301883     
  -2.16000000000000       0.778559048332000     
  -2.15000000000000       0.780860180540773     
  -2.14000000000000       0.783161454229244     
  -2.13000000000000       0.785464429151716     
  -2.12000000000000       0.787770745876859     
  -2.11000000000000       0.790082125057216     
  -2.10000000000000       0.792400366607264     
  -2.09000000000000       0.794727348790236     
  -2.08000000000000       0.797065027214031     
  -2.07000000000000       0.799415433736600     
  -2.06000000000000       0.801780675281317     
  -2.05000000000000       0.804162932562898     
  -2.04000000000000       0.806564458724537     
  -2.03000000000000       0.808987577887023     
  -2.02000000000000       0.811434683610672     
  -2.01000000000000       0.813908237270995     
  -2.00000000000000       0.816410766349136     
  -1.99000000000000       0.818944862638155     
  -1.98000000000000       0.821513180366365     
  -1.97000000000000       0.824118434238961     
  -1.96000000000000       0.826763397399324     
  -1.95000000000000       0.829450899311397     
  -1.94000000000000       0.832183823564681     
  -1.93000000000000       0.834965105603406     
  -1.92000000000000       0.837797730381580     
  -1.91000000000000       0.840684729945629     
  -1.90000000000000       0.843629180946485     
  -1.89000000000000       0.846634202082986     
  -1.88000000000000       0.849702951478576     
  -1.87000000000000       0.852838623993328     
  -1.86000000000000       0.856044448473420     
  -1.85000000000000       0.859323684940208     
  -1.84000000000000       0.862679621721164     
  -1.83000000000000       0.866115572524969     
  -1.82000000000000       0.869634873463122     
  -1.81000000000000       0.873240880020511     
  -1.80000000000000       0.876936963977401     
  -1.79000000000000       0.880726510285397     
  -1.78000000000000       0.884612913899968     
  -1.77000000000000       0.888599576572176     
  -1.76000000000000       0.892689903602294     
  -1.75000000000000       0.896887300558062     
  -1.74000000000000       0.901195169960359     
  -1.73000000000000       0.905616907939106     
  -1.72000000000000       0.910155900862285     
  -1.71000000000000       0.914815521940947     
  -1.70000000000000       0.919599127813166     
  -1.69000000000000       0.924510055109891     
  -1.68000000000000       0.929551617005703     
  -1.67000000000000       0.934727099757482     
  -1.66000000000000       0.940039759234046     
  -1.65000000000000       0.945492817439825     
  -1.64000000000000       0.951089459035644     
  -1.63000000000000       0.956832827859729     
  -1.62000000000000       0.962726023452042     
  -1.61000000000000       0.968772097585079     
  -1.60000000000000       0.974974050804242     
  -1.59000000000000       0.981334828980947     
  -1.58000000000000       0.987857319881579     
  -1.57000000000000       0.994544349755457     
  -1.56000000000000        1.00139867994492     
  -1.55000000000000        1.00842300352066     
  -1.54000000000000        1.01561994194546     
  -1.53000000000000        1.02299204176936     
  -1.52000000000000        1.03054177135945     
  -1.51000000000000        1.03827151766722     
  -1.50000000000000        1.04618358303669     
  -1.49000000000000        1.05428018205618     
  -1.48000000000000        1.06256343845680     
  -1.47000000000000        1.07103538206073     
  -1.46000000000000        1.07969794578198     
  -1.45000000000000        1.08855296268275     
  -1.44000000000000        1.09760216308826     
  -1.43000000000000        1.10684717176269     
  -1.42000000000000        1.11628950514924     
  -1.41000000000000        1.12593056867685     
  -1.40000000000000        1.13577165413652     
  -1.39000000000000        1.14581393712955     
  -1.38000000000000        1.15605847459065     
  -1.37000000000000        1.16650620238814     
  -1.36000000000000        1.17715793300394     
  -1.35000000000000        1.18801435329565     
  -1.34000000000000        1.19907602234317     
  -1.33000000000000        1.21034336938202     
  -1.32000000000000        1.22181669182576     
  -1.31000000000000        1.23349615337951     
  -1.30000000000000        1.24538178224680     
  -1.29000000000000        1.25747346943163     
  -1.28000000000000        1.26977096713779     
  -1.27000000000000        1.28227388726730     
  -1.26000000000000        1.29498170001962     
  -1.25000000000000        1.30789373259359     
  -1.24000000000000        1.32100916799342     
  -1.23000000000000        1.33432704394059     
  -1.22000000000000        1.34784625189287     
  -1.21000000000000        1.36156553617193     
  -1.20000000000000        1.37548349320086     
  -1.19000000000000        1.38959857085273     
  -1.18000000000000        1.40390906791133     
  -1.17000000000000        1.41841313364511     
  -1.16000000000000        1.43310876749522     
  -1.15000000000000        1.44799381887844     
  -1.14000000000000        1.46306598710590     
  -1.13000000000000        1.47832282141799     
  -1.12000000000000        1.49376172113617     
  -1.11000000000000        1.50937993593211     
  -1.10000000000000        1.52517456621442     
  -1.09000000000000        1.54114256363332     
  -1.08000000000000        1.55728073170332     
  -1.07000000000000        1.57358572654406     
  -1.06000000000000        1.59005405773913     
  -1.05000000000000        1.60668208931289     
  -1.04000000000000        1.62346604082487     
  -1.03000000000000        1.64040198858156     
  -1.02000000000000        1.65748586696507     
  -1.01000000000000        1.67471346987806     
  -1.00000000000000        1.69208045230450     
 -0.990000000000000        1.70958233198526     
 -0.980000000000000        1.72721449120792     
 -0.970000000000001        1.74497217870970     
 -0.959999999999999        1.76285051169260     
 -0.949999999999999        1.78084447794949     
 -0.940000000000000        1.79894893810016     
 -0.930000000000000        1.81715862793567     
 -0.920000000000000        1.83546816086990     
 -0.910000000000000        1.85387203049664     
 -0.900000000000000        1.87236461325064     
 -0.890000000000001        1.89094017117100     
 -0.879999999999999        1.90959285476499     
 -0.869999999999999        1.92831670597058     
 -0.859999999999999        1.94710566121567     
 -0.850000000000000        1.96595355457199     
 -0.840000000000000        1.98485412100148     
 -0.830000000000000        2.00380099969312     
 -0.820000000000000        2.02278773748774     
 -0.810000000000000        2.04180779238859     
 -0.799999999999999        2.06085453715516     
 -0.789999999999999        2.07992126297777     
 -0.779999999999999        2.09900118323037     
 -0.770000000000000        2.11808743729881     
 -0.760000000000000        2.13717309448197     
 -0.750000000000000        2.15625115796293     
 -0.740000000000000        2.17531456884721     
 -0.730000000000000        2.19435621026544     
 -0.720000000000001        2.21336891153712     
 -0.709999999999999        2.23234545239284     
 -0.699999999999999        2.25127856725151     
 -0.690000000000000        2.27016094954973     
 -0.680000000000000        2.28898525612003     
 -0.670000000000000        2.30774411161464     
 -0.660000000000000        2.32643011297171     
 -0.650000000000000        2.34503583392056     
 -0.640000000000001        2.36355382952253     
 -0.629999999999999        2.38197664074425     
 -0.619999999999999        2.40029679905962     
 -0.609999999999999        2.41850683107736     
 -0.600000000000000        2.43659926319041     
 -0.590000000000000        2.45456662624374     
 -0.580000000000000        2.47240146021706     
 -0.570000000000000        2.49009631891898     
 -0.560000000000000        2.50764377468878     
 -0.549999999999999        2.52503642310256     
 -0.539999999999999        2.54226688767986     
 -0.529999999999999        2.55932782458747     
 -0.520000000000000        2.57621192733653     
 -0.510000000000000        2.59291193146957     
 -0.500000000000000        2.60942061923371     
 -0.490000000000000        2.62573082423659     
 -0.480000000000000        2.64183543608130     
 -0.470000000000001        2.65772740497684     
 -0.459999999999999        2.67339974632051     
 -0.449999999999999        2.68884554524871     
 -0.440000000000000        2.70405796115258     
 -0.430000000000000        2.71903023215507     
 -0.420000000000000        2.73375567954589     
 -0.410000000000000        2.74822771217090     
 -0.400000000000000        2.76243983077260     
 -0.390000000000001        2.77638563227829     
 -0.379999999999999        2.79005881403250     
 -0.369999999999999        2.80345317797056     
 -0.359999999999999        2.81656263472985     
 -0.350000000000000        2.82938120769572     
 -0.340000000000000        2.84190303697869     
 -0.330000000000000        2.85412238332009     
 -0.320000000000000        2.86603363192281     
 -0.310000000000000        2.87763129620436     
 -0.299999999999999        2.88891002146920     
 -0.289999999999999        2.89986458849748     
 -0.279999999999999        2.91048991704738     
 -0.270000000000000        2.92078106926828     
 -0.260000000000000        2.93073325302212     
 -0.250000000000000        2.94034182511023     
 -0.240000000000000        2.94960229440328     
 -0.230000000000000        2.95851032487165     
 -0.220000000000001        2.96706173851403     
 -0.209999999999999        2.97525251818188     
 -0.199999999999999        2.98307881029740     
 -0.190000000000000        2.99053692746309     
 -0.180000000000000        2.99762335096067     
 -0.170000000000000        3.00433473313743     
 -0.160000000000000        3.01066789967814     
 -0.150000000000000        3.01661985176074     
 -0.140000000000001        3.02218776809408     
 -0.129999999999999        3.02736900683603     
 -0.119999999999999        3.03216110739065     
 -0.109999999999999        3.03656179208275     
 -0.100000000000000        3.04056896770866     
 -8.999999999999986E-002   3.04418072696199     
 -8.000000000000007E-002   3.04739534973315     
 -7.000000000000028E-002   3.05021130428171     
 -6.000000000000050E-002   3.05262724828061     
 -4.999999999999893E-002   3.05464202973139     
 -3.999999999999915E-002   3.05625468774975     
 -2.999999999999936E-002   3.05746445322084     
 -1.999999999999957E-002   3.05827074932361     
 -9.999999999999787E-003   3.05867319192405     
  0.000000000000000E+000   3.05867158983675     
  9.999999999999787E-003   3.05826594495483     
  1.999999999999957E-002   3.05745645224788     
  2.999999999999936E-002   3.05624349962810     
  4.000000000000092E-002   3.05462766768467     
  5.000000000000071E-002   3.05260972928661     
  6.000000000000050E-002   3.05019064905434     
  7.000000000000028E-002   3.04737158270048     
  8.000000000000007E-002   3.04415387624034     
  8.999999999999986E-002   3.04053906507279     
  0.100000000000000        3.03652887293210     
  0.109999999999999        3.03212521071180     
  0.120000000000001        3.02733017516127     
  0.130000000000001        3.02214604745625     
  0.140000000000001        3.01657529164431     
  0.150000000000000        3.01062055296657     
  0.160000000000000        3.00428465605698     
  0.170000000000000        2.99757060302051     
  0.180000000000000        2.99048157139199     
  0.190000000000000        2.98302091197686     
  0.200000000000001        2.97519214657595     
  0.210000000000001        2.96699896559573     
  0.220000000000001        2.95844522554614     
  0.230000000000000        2.94953494642787     
  0.240000000000000        2.94027230901127     
  0.250000000000000        2.93066165200882     
  0.260000000000000        2.92070746914368     
  0.270000000000000        2.91041440611634     
  0.279999999999999        2.89978725747201     
  0.290000000000001        2.88883096337104     
  0.300000000000001        2.87755060626501     
  0.310000000000000        2.86595140748105     
  0.320000000000000        2.85403872371714     
  0.330000000000000        2.84181804345109     
  0.340000000000000        2.82929498326598     
  0.350000000000000        2.81647528409512     
  0.359999999999999        2.80336480738921     
  0.370000000000001        2.78996953120896     
  0.380000000000001        2.77629554624608     
  0.390000000000001        2.76234905177577     
  0.400000000000000        2.74813635154390     
  0.410000000000000        2.73366384959214     
  0.420000000000000        2.71893804602416     
  0.430000000000000        2.70396553271637     
  0.440000000000000        2.68875298897637     
  0.450000000000001        2.67330717715269     
  0.460000000000001        2.65763493819896     
  0.470000000000001        2.64174318719628     
  0.480000000000000        2.62563890883698     
  0.490000000000000        2.60932915287342     
  0.500000000000000        2.59282102953532     
  0.510000000000000        2.57612170491913     
  0.520000000000000        2.55923839635305     
  0.529999999999999        2.54217836774126     
  0.540000000000001        2.52494892489085     
  0.550000000000001        2.50755741082520     
  0.560000000000000        2.49001120108728     
  0.570000000000000        2.47231769903656     
  0.580000000000000        2.45448433114297     
  0.590000000000000        2.43651854228174     
  0.600000000000000        2.41842779103251     
  0.609999999999999        2.40021954498630     
  0.620000000000001        2.38190127606407     
  0.630000000000001        2.36348045585020     
  0.640000000000001        2.34496455094458     
  0.650000000000000        2.32636101833665     
  0.660000000000000        2.30767730080513     
  0.670000000000000        2.28892082234660     
  0.680000000000000        2.27009898363650     
  0.690000000000000        2.25121915752605     
  0.700000000000001        2.23228868457813     
  0.710000000000001        2.21331486864580     
  0.720000000000001        2.19430497249643     
  0.730000000000000        2.17526621348488     
  0.740000000000000        2.15620575927874     
  0.750000000000000        2.13713072363899     
  0.760000000000000        2.11804816225883     
  0.770000000000000        2.09896506866408     
  0.779999999999999        2.07988837017781     
  0.790000000000001        2.06082492395229     
  0.800000000000001        2.04178151307106     
  0.810000000000000        2.02276484272384     
  0.820000000000000        2.00378153645709     
  0.830000000000000        1.98483813250287     
  0.840000000000000        1.96594108018848     
  0.850000000000000        1.94709673642947     
  0.859999999999999        1.92831136230843     
  0.870000000000001        1.90959111974192     
  0.880000000000001        1.89094206823782     
  0.890000000000001        1.87237016174521     
  0.900000000000000        1.85388124559914     
  0.910000000000000        1.83548105356195     
  0.920000000000000        1.81717520496344     
  0.930000000000000        1.79896920194153     
  0.940000000000000        1.78086842678528     
  0.950000000000001        1.76287813938190     
  0.960000000000001        1.74500347476943     
  0.970000000000001        1.72724944079638     
  0.980000000000000        1.70962091589009     
  0.990000000000000        1.69212264693474     
   1.00000000000000        1.67475924726053     
   1.01000000000000        1.65753519474493     
   1.02000000000000        1.64045483002724     
   1.03000000000000        1.62352235483718     
   1.04000000000000        1.60674183043852     
   1.05000000000000        1.59011717618836     
   1.06000000000000        1.57365216821276     
   1.07000000000000        1.55735043819925     
   1.08000000000000        1.54121547230664     
   1.09000000000000        1.52525061019252     
   1.10000000000000        1.50945904415855     
   1.11000000000000        1.49384381841394     
   1.12000000000000        1.47840782845682     
   1.13000000000000        1.46315382057382     
   1.14000000000000        1.44808439145734     
   1.15000000000000        1.43320198794051     
   1.16000000000000        1.41850890684943     
   1.17000000000000        1.40400729497216     
   1.18000000000000        1.38969914914399     
   1.19000000000000        1.37558631644830     
   1.20000000000000        1.36167049453238     
   1.21000000000000        1.34795323203719     
   1.22000000000000        1.33443592914031     
   1.23000000000000        1.32111983821099     
   1.24000000000000        1.30800606457617     
   1.25000000000000        1.29509556739630     
   1.26000000000000        1.28238916064968     
   1.27000000000000        1.26988751422394     
   1.28000000000000        1.25759115511313     
   1.29000000000000        1.24550046871902     
   1.30000000000000        1.23361570025482     
   1.31000000000000        1.22193695624971     
   1.32000000000000        1.21046420615237     
   1.33000000000000        1.19919728403160     
   1.34000000000000        1.18813589037216     
   1.35000000000000        1.17727959396370     
   1.36000000000000        1.16662783388082     
   1.37000000000000        1.15617992155199     
   1.38000000000000        1.14593504291517     
   1.39000000000000        1.13589226065776     
   1.40000000000000        1.12605051653861     
   1.41000000000000        1.11640863378957     
   1.42000000000000        1.10696531959421     
   1.43000000000000        1.09771916764107     
   1.44000000000000        1.08866866074884     
   1.45000000000000        1.07981217356099     
   1.46000000000000        1.07114797530691     
   1.47000000000000        1.06267423262701     
   1.48000000000000        1.05438901245890     
   1.49000000000000        1.04629028498182     
   1.50000000000000        1.03837592661654     
   1.51000000000000        1.03064372307764     
   1.52000000000000        1.02309137247550     
   1.53000000000000        1.01571648846467     
   1.54000000000000        1.00851660343604     
   1.55000000000000        1.00148917174937     
   1.56000000000000       0.994631573003451     
   1.57000000000000       0.987941115340615     
   1.58000000000000       0.981415038782638     
   1.59000000000000       0.975050518594845     
   1.60000000000000       0.968844668675352     
   1.61000000000000       0.962794544966291     
   1.62000000000000       0.956897148883902     
   1.63000000000000       0.951149430764353     
   1.64000000000000       0.945548293322138     
   1.65000000000000       0.940090595117935     
   1.66000000000000       0.934773154032791     
   1.67000000000000       0.929592750745498     
   1.68000000000000       0.924546132210061     
   1.69000000000000       0.919630015130157     
   1.70000000000000       0.914841089427492     
   1.71000000000000       0.910176021701004     
   1.72000000000000       0.905631458673857     
   1.73000000000000       0.901204030625213     
   1.74000000000000       0.896890354803782     
   1.75000000000000       0.892687038820200     
   1.76000000000000       0.888590684015281     
   1.77000000000000       0.884597888801264     
   1.78000000000000       0.880705251973187     
   1.79000000000000       0.876909375987563     
   1.80000000000000       0.873206870205586     
   1.81000000000000       0.869594354098121     
   1.82000000000000       0.866068460409803     
   1.83000000000000       0.862625838279591     
   1.84000000000000       0.859263156315197     
   1.85000000000000       0.855977105618858     
   1.86000000000000       0.852764402761952     
   1.87000000000000       0.849621792706067     
   1.88000000000000       0.846546051668130     
   1.89000000000000       0.843533989927316     
   1.90000000000000       0.840582454571491     
   1.91000000000000       0.837688332181019     
   1.92000000000000       0.834848551447836     
   1.93000000000000       0.832060085727739     
   1.94000000000000       0.829319955523949     
   1.95000000000000       0.826625230900040     
   1.96000000000000       0.823973033820417     
   1.97000000000000       0.821360540416608     
   1.98000000000000       0.818784983177706     
   1.99000000000000       0.816243653063356     
   2.00000000000000       0.813733901537806     
   2.01000000000000       0.811253142523568     
   2.02000000000000       0.808798854273363     
   2.03000000000000       0.806368581159077     
   2.04000000000000       0.803959935376550     
   2.05000000000000       0.801570598565098     
   2.06000000000000       0.799198323340778     
   2.07000000000000       0.796840934742443     
   2.08000000000000       0.794496331589769     
   2.09000000000000       0.792162487752506     
   2.10000000000000       0.789837453330273     
   2.11000000000000       0.787519355742345     
   2.12000000000000       0.785206400726921     
   2.13000000000000       0.782896873249502     
   2.14000000000000       0.780589138320045     
   2.15000000000000       0.778281641718690     
   2.16000000000000       0.775972910629923     
   2.17000000000000       0.773661554185125     
   2.18000000000000       0.771346263913564     
   2.19000000000000       0.769025814101954     
   2.20000000000000       0.766699062062807     
   2.21000000000000       0.764364948311885     
   2.22000000000000       0.762022496655137     
   2.23000000000000       0.759670814185633     
   2.24000000000000       0.757309091191012     
   2.25000000000000       0.754936600972150     
   2.26000000000000       0.752552699573736     
   2.27000000000000       0.750156825427610     
   2.28000000000000       0.747748498909736     
   2.29000000000000       0.745327321811817     
   2.30000000000000       0.742892976728582     
   2.31000000000000       0.740445226361918     
   2.32000000000000       0.737983912743036     
   2.33000000000000       0.735508956373984     
   2.34000000000000       0.733020355289861     
   2.35000000000000       0.730518184043175     
   2.36000000000000       0.728002592611864     
   2.37000000000000       0.725473805232553     
   2.38000000000000       0.722932119160705     
   2.39000000000000       0.720377903359372     
   2.40000000000000       0.717811597118338     
   2.41000000000000       0.715233708605487     
   2.42000000000000       0.712644813352316     
   2.43000000000000       0.710045552675536     
   2.44000000000000       0.707436632036803     
   2.45000000000000       0.704818819342632     
   2.46000000000000       0.702192943186647     
   2.47000000000000       0.699559891036320     
   2.48000000000000       0.696920607366445     
   2.49000000000000       0.694276091741607     
   2.50000000000000       0.691627396849978     
   2.51000000000000       0.688975626490771     
   2.52000000000000       0.686321933517782     
   2.53000000000000       0.683667517741426     
   2.54000000000000       0.681013623791750     
   2.55000000000000       0.678361538944915     
   2.56000000000000       0.675712590915683     
   2.57000000000000       0.673068145618452     
   2.58000000000000       0.670429604899430     
   2.59000000000000       0.667798404242548     
   2.60000000000000       0.665176010451722     
   2.61000000000000       0.662563919312107     
   2.62000000000000       0.659963653232997     
   2.63000000000000       0.657376758875027     
   2.64000000000000       0.654804804764346     
   2.65000000000000       0.652249378896439     
   2.66000000000000       0.649712086332277     
   2.67000000000000       0.647194546789475     
   2.68000000000000       0.644698392231139     
   2.69000000000000       0.642225264455062     
   2.70000000000000       0.639776812685951     
   2.71000000000000       0.637354691173337     
   2.72000000000000       0.634960556797802     
   2.73000000000000       0.632596066688165     
   2.74000000000000       0.630262875852227     
   2.75000000000000       0.627962634823676     
   2.76000000000000       0.625696987327712     
   2.77000000000000       0.623467567967943     
   2.78000000000000       0.621275999937054     
   2.79000000000000       0.619123892753760     
   2.80000000000000       0.617012840028459     
   2.81000000000000       0.614944417260043     
   2.82000000000000       0.612920179666221     
   2.83000000000000       0.610941660049700     
   2.84000000000000       0.609010366702535     
   2.85000000000000       0.607127781350889     
   2.86000000000000       0.605295357142425     
   2.87000000000000       0.603514516678481     
   2.88000000000000       0.601786650093143     
   2.89000000000000       0.600113113181279     
   2.90000000000000       0.598495225577523     
   2.91000000000000       0.596934268988176     
   2.92000000000000       0.595431485477896     
   2.93000000000000       0.593988075813013     
   2.94000000000000       0.592605197863239     
   2.95000000000000       0.591283965063469     
   2.96000000000000       0.590025444937313     
   2.97000000000000       0.588830657683938     
   2.98000000000000       0.587700574829710     
   2.99000000000000       0.586636117946076     
   3.00000000000000       0.585638157435053     
   3.01000000000000       0.584707511383603     
   3.02000000000000       0.583844944488114     
   3.03000000000000       0.583051167050130     
   3.04000000000000       0.582326834044394     
   3.05000000000000       0.581672544260189     
   3.06000000000000       0.581088839516883     
   3.07000000000000       0.580576203954528     
   3.08000000000000       0.580135063400233     
   3.09000000000000       0.579765784811017     
   3.10000000000000       0.579468675793695     
   3.11000000000000       0.579243984202341     
   3.12000000000000       0.579091897813730     
   3.13000000000000       0.579012544081105     
   3.14000000000000       0.579005989966545     
   3.15000000000000       0.579072241852093     
   3.16000000000000       0.579211245529752     
   3.17000000000000       0.579422886270351     
   3.18000000000000       0.579706988971215     
   3.19000000000000       0.580063318382483     
   3.20000000000000       0.580491579411827     
   3.21000000000000       0.580991417507266     
   3.22000000000000       0.581562419117653     
   3.23000000000000       0.582204112230365     
   3.24000000000000       0.582915966985611     
   3.25000000000000       0.583697396366734     
   3.26000000000000       0.584547756965742     
   3.27000000000000       0.585466349823291     
   3.28000000000000       0.586452421342214     
   3.29000000000000       0.587505164273630     
   3.30000000000000       0.588623718774596     
   3.31000000000000       0.589807173536173     
   3.32000000000000       0.591054566980719     
   3.33000000000000       0.592364888527126     
   3.34000000000000       0.593737079922674     
   3.35000000000000       0.595170036640078     
   3.36000000000000       0.596662609338242     
   3.37000000000000       0.598213605385179     
   3.38000000000000       0.599821790441458     
   3.39000000000000       0.601485890102507     
   3.40000000000000       0.603204591598023     
   3.41000000000000       0.604976545546656     
   3.42000000000000       0.606800367764125     
   3.43000000000000       0.608674641122800     
   3.44000000000000       0.610597917460796     
   3.45000000000000       0.612568719538503     
   3.46000000000000       0.614585543040479     
   3.47000000000000       0.616646858620542     
   3.48000000000000       0.618751113987880     
   3.49000000000000       0.620896736031913     
   3.50000000000000       0.623082132983646     
   3.51000000000000       0.625305696611155     
   3.52000000000000       0.627565804446862     
   3.53000000000000       0.629860822044164     
   3.54000000000000       0.632189105260990     
   3.55000000000000       0.634549002567806     
   3.56000000000000       0.636938857377553     
   3.57000000000000       0.639357010394983     
   3.58000000000000       0.641801801982841     
   3.59000000000000       0.644271574542297     
   3.60000000000000       0.646764674905016     
   3.61000000000000       0.649279456734268     
   3.62000000000000       0.651814282932400     
   3.63000000000000       0.654367528052051     
   3.64000000000000       0.656937580708426     
   3.65000000000000       0.659522845989961     
   3.66000000000000       0.662121747864707     
   3.67000000000000       0.664732731579746     
   3.68000000000000       0.667354266050967     
   3.69000000000000       0.669984846240519     
   3.70000000000000       0.672622995519266     
   3.71000000000000       0.675267268011591     
   3.72000000000000       0.677916250919885     
   3.73000000000000       0.680568566826087     
   3.74000000000000       0.683222875967639     
   3.75000000000000       0.685877878485265     
   3.76000000000000       0.688532316639981     
   3.77000000000000       0.691184976996766     
   3.78000000000000       0.693834692572371     
   3.79000000000000       0.696480344944750     
   3.80000000000000       0.699120866321639     
   3.81000000000000       0.701755241565840     
   3.82000000000000       0.704382510174797     
   3.83000000000000       0.707001768212107     
   3.84000000000000       0.709612170188627     
   3.85000000000000       0.712212930890893     
   3.86000000000000       0.714803327154619     
   3.87000000000000       0.717382699581076     
   3.88000000000000       0.719950454194215     
   3.89000000000000       0.722506064036435     
   3.90000000000000       0.725049070700970     
   3.91000000000000       0.727579085798914     
   3.92000000000000       0.730095792358956     
   3.93000000000000       0.732598946157970     
   3.94000000000000       0.735088376980661     
   3.95000000000000       0.737563989806534     
   3.96000000000000       0.740025765922508     
   3.97000000000000       0.742473763959593     
   3.98000000000000       0.744908120852079     
   3.99000000000000       0.747329052717788     
   4.00000000000000       0.749736855658004     
   4.01000000000000       0.752131906475751     
   4.02000000000000       0.754514663311208     
   4.03000000000000       0.756885666193074     
   4.04000000000000       0.759245537504814     
   4.05000000000000       0.761594982364788     
   4.06000000000000       0.763934788919319     
   4.07000000000000       0.766265828547889     
   4.08000000000000       0.768589055979678     
   4.09000000000000       0.770905509320788     
   4.10000000000000       0.773216309991559     
   4.11000000000000       0.775522662573463     
   4.12000000000000       0.777825854565181     
   4.13000000000000       0.780127256047493     
   4.14000000000000       0.782428319256783     
   4.15000000000000       0.784730578066960     
   4.16000000000000       0.787035647379750     
   4.17000000000000       0.789345222423374     
   4.18000000000000       0.791661077959713     
   4.19000000000000       0.793985067400163     
   4.20000000000000       0.796319121830465     
   4.21000000000000       0.798665248944875     
   4.22000000000000       0.801025531890154     
   4.23000000000000       0.803402128019903     
   4.24000000000000       0.805797267559909     
   4.25000000000000       0.808213252185212     
   4.26000000000000       0.810652453509703     
   4.27000000000000       0.813117311489174     
   4.28000000000000       0.815610332738782     
   4.29000000000000       0.818134088766018     
   4.30000000000000       0.820691214120327     
   4.31000000000000       0.823284404460624     
   4.32000000000000       0.825916414542034     
   4.33000000000000       0.828590056123243     
   4.34000000000000       0.831308195795980     
   4.35000000000000       0.834073752738157     
   4.36000000000000       0.836889696392344     
   4.37000000000000       0.839759044071282     
   4.38000000000000       0.842684858492240     
   4.39000000000000       0.845670245242082     
   4.40000000000000       0.848718350174998     
   4.41000000000000       0.851832356744904     
   4.42000000000000       0.855015483274604     
   4.43000000000000       0.858270980163865     
   4.44000000000000       0.861602127038632     
   4.45000000000000       0.865012229843642     
   4.46000000000000       0.868504617880823     
   4.47000000000000       0.872082640795845     
   4.48000000000000       0.875749665515317     
   4.49000000000000       0.879509073137128     
   4.50000000000000       0.883364255776525     
   4.51000000000000       0.887318613370545     
   4.52000000000000       0.891375550443480     
   4.53000000000000       0.895538472836095     
   4.54000000000000       0.899810784401372     
   4.55000000000000       0.904195883669593     
   4.56000000000000       0.908697160485604     
   4.57000000000000       0.913317992621155     
   4.58000000000000       0.918061742365244     
   4.59000000000000       0.922931753095406     
   4.60000000000000       0.927931345832952     
   4.61000000000000       0.933063815785162     
   4.62000000000000       0.938332428877464     
   4.63000000000000       0.943740418278674     
   4.64000000000000       0.949290980922365     
   4.65000000000000       0.954987274027466     
   4.66000000000000       0.960832411621197     
   4.67000000000000       0.966829461067468     
   4.68000000000000       0.972981439603860     
   4.69000000000000       0.979291310890338     
   4.70000000000000       0.985761981572819     
   4.71000000000000       0.992396297864736     
   4.72000000000000       0.999197042149741     
   4.73000000000000        1.00616692960866     
   4.74000000000000        1.01330860487386     
   4.75000000000000        1.02062463871401     
   4.76000000000000        1.02811752475260     
   4.77000000000000        1.03578967622291     
   4.78000000000000        1.04364342276287     
   4.79000000000000        1.05168100725260     
   4.80000000000000        1.05990458269768     
   4.81000000000000        1.06831620916125     
   4.82000000000000        1.07691785074772     
   4.83000000000000        1.08571137264118     
   4.84000000000000        1.09469853820120     
   4.85000000000000        1.10388100611906     
   4.86000000000000        1.11326032763706     
   4.87000000000000        1.12283794383373     
   4.88000000000000        1.13261518297767     
   4.89000000000000        1.14259325795264     
   4.90000000000000        1.15277326375648     
   4.91000000000000        1.16315617507653     
   4.92000000000000        1.17374284394393     
   4.93000000000000        1.18453399746927     
   4.94000000000000        1.19553023566208     
   4.95000000000000        1.20673202933621     
   4.96000000000000        1.21813971810371     
   4.97000000000000        1.22975350845905     
   4.98000000000000        1.24157347195606     
   4.99000000000000        1.25359954347940     
   5.00000000000000        1.26583151961273     
   5.01000000000000        1.27826905710537     
   5.02000000000000        1.29091167143921     
   5.03000000000000        1.30375873549778     
   5.04000000000000        1.31680947833887     
   5.05000000000000        1.33006298407259     
   5.06000000000000        1.34351819084609     
   5.07000000000000        1.35717388993643     
   5.08000000000000        1.37102872495295     
   5.09000000000000        1.38508119115037     
   5.10000000000000        1.39932963485367     
   5.11000000000000        1.41377225299585     
   5.12000000000000        1.42840709276952     
   5.13000000000000        1.44323205139320     
   5.14000000000000        1.45824487599305     
   5.15000000000000        1.47344316360070     
   5.16000000000000        1.48882436126780     
   5.17000000000000        1.50438576629772     
   5.18000000000000        1.52012452659478     
   5.19000000000000        1.53603764113137     
   5.20000000000000        1.55212196053301     
   5.21000000000000        1.56837418778154     
   5.22000000000000        1.58479087903640     
   5.23000000000000        1.60136844457385     
   5.24000000000000        1.61810314984398     
   5.25000000000000        1.63499111664514     
   5.26000000000000        1.65202832441541     
   5.27000000000000        1.66921061164060     
   5.28000000000000        1.68653367737814     
   5.29000000000000        1.70399308289623     
   5.30000000000000        1.72158425342732     
   5.31000000000000        1.73930248003513     
   5.32000000000000        1.75714292159419     
   5.33000000000000        1.77510060688070     
   5.34000000000000        1.79317043677367     
   5.35000000000000        1.81134718656494     
   5.36000000000000        1.82962550837676     
   5.37000000000000        1.84799993368541     
   5.38000000000000        1.86646487594933     
   5.39000000000000        1.88501463334006     
   5.40000000000000        1.90364339157432     
   5.41000000000000        1.92234522684527     
   5.42000000000000        1.94111410885121     
   5.43000000000000        1.95994390391945     
   5.44000000000000        1.97882837822355     
   5.45000000000000        1.99776120109158     
   5.46000000000000        2.01673594840310     
   5.47000000000000        2.03574610607272     
   5.48000000000000        2.05478507361769     
   5.49000000000000        2.07384616780698     
   5.50000000000000        2.09292262638949     
   5.51000000000000        2.11200761189855     
   5.52000000000000        2.13109421553020     
   5.53000000000000        2.15017546109226     
   5.54000000000000        2.16924430902160     
   5.55000000000000        2.18829366046658     
   5.56000000000000        2.20731636143167     
   5.57000000000000        2.22630520698137     
   5.58000000000000        2.24525294550031     
   5.59000000000000        2.26415228300629     
   5.60000000000000        2.28299588751332     
   5.61000000000000        2.30177639344128     
   5.62000000000000        2.32048640606893     
   5.63000000000000        2.33911850602708     
   5.64000000000000        2.35766525382855     
   5.65000000000000        2.37611919443136     
   5.66000000000000        2.39447286183206     
   5.67000000000000        2.41271878368544     
   5.68000000000000        2.43084948594734     
   5.69000000000000        2.44885749753703     
   5.70000000000000        2.46673535501554     
   5.71000000000000        2.48447560727652     
   5.72000000000000        2.50207082024603     
   5.73000000000000        2.51951358158763     
   5.74000000000000        2.53679650540931     
   5.75000000000000        2.55391223696850     
   5.76000000000000        2.57085345737177     
   5.77000000000000        2.58761288826543     
   5.78000000000000        2.60418329651352     
   5.79000000000000        2.62055749885965     
   5.80000000000000        2.63672836656901     
   5.81000000000000        2.65268883004700     
   5.82000000000000        2.66843188343096     
   5.83000000000000        2.68395058915137     
   5.84000000000000        2.69923808245915     
   5.85000000000000        2.71428757591531     
   5.86000000000000        2.72909236383977     
   5.87000000000000        2.74364582671555     
   5.88000000000000        2.75794143554529     
   5.89000000000000        2.77197275615637     
   5.90000000000000        2.78573345345151     
   5.91000000000000        2.79921729560141     
   5.92000000000000        2.81241815817619     
   5.93000000000000        2.82533002821252     
   5.94000000000000        2.83794700821300     
   5.95000000000000        2.85026332007492     
   5.96000000000000        2.86227330894525     
   5.97000000000000        2.87397144699872     
   5.98000000000000        2.88535233713620     
   5.99000000000000        2.89641071660036     
   6.00000000000000        2.90714146050587     
   6.01000000000000        2.91753958528122     
   6.02000000000000        2.92760025201963     
   6.03000000000000        2.93731876973630     
   6.04000000000000        2.94669059852941     
   6.05000000000000        2.95571135264260     
   6.06000000000000        2.96437680342611     
   6.07000000000000        2.97268288219473     
   6.08000000000000        2.98062568297992     
   6.09000000000000        2.98820146517410     
   6.10000000000000        2.99540665606509     
   6.11000000000000        3.00223785325845     
   6.12000000000000        3.00869182698610     
   6.13000000000000        3.01476552229919     
   6.14000000000000        3.02045606114358     
   6.15000000000000        3.02576074431629     
   6.16000000000000        3.03067705330127     
   6.17000000000000        3.03520265198321     
   6.18000000000000        3.03933538823785     
   6.19000000000000        3.04307329539774     
   6.20000000000000        3.04641459359202     
   6.21000000000000        3.04935769095943     
   6.22000000000000        3.05190118473344     
   6.23000000000000        3.05404386219862     
   6.24000000000000        3.05578470151760     
   6.25000000000000        3.05712287242789     
   6.26000000000000        3.05805773680803     
   6.27000000000000        3.05858884911258     
   6.28000000000000        3.05871595667570     
   6.29000000000000        3.05843899988300     
   6.30000000000000        3.05775811221151     
   6.31000000000000        3.05667362013784     
   6.32000000000000        3.05518604291447     
   6.33000000000000        3.05329609221447     
   6.34000000000000        3.05100467164488     
   6.35000000000000        3.04831287612906     
   6.36000000000000        3.04522199115867     
   6.37000000000000        3.04173349191570     
   6.38000000000000        3.03784904226539     
   6.39000000000000        3.03357049362070     
   6.40000000000000        3.02889988367938     
   6.41000000000000        3.02383943503448     
   6.42000000000000        3.01839155365954     
   6.43000000000000        3.01255882726962     
   6.44000000000000        3.00634402355936     
   6.45000000000000        2.99975008831964     
   6.46000000000000        2.99278014343424     
   6.47000000000000        2.98543748475804     
   6.48000000000000        2.97772557987852     
   6.49000000000000        2.96964806576233     
   6.50000000000000        2.96120874628867     
   6.51000000000000        2.95241158967164     
   6.52000000000000        2.94326072577334     
   6.53000000000000        2.93376044331010     
   6.54000000000000        2.92391518695381     
   6.55000000000000        2.91372955433083     
   6.56000000000000        2.90320829292071     
   6.57000000000000        2.89235629685719     
   6.58000000000000        2.88117860363413     
   6.59000000000000        2.86968039071873     
   6.60000000000000        2.85786697207488     
   6.61000000000000        2.84574379459935     
   6.62000000000000        2.83331643447353     
   6.63000000000000        2.82059059343370     
   6.64000000000000        2.80757209496266     
   6.65000000000000        2.79426688040576     
   6.66000000000000        2.78068100501436     
   6.67000000000000        2.76682063391981     
   6.68000000000000        2.75269203804111     
   6.69000000000000        2.73830158992937     
   6.70000000000000        2.72365575955255     
   6.71000000000000        2.70876111002338     
   6.72000000000000        2.69362429327419     
   6.73000000000000        2.67825204568174     
   6.74000000000000        2.66265118364560     
   6.75000000000000        2.64682859912338     
   6.76000000000000        2.63079125512645     
   6.77000000000000        2.61454618117952     
   6.78000000000000        2.59810046874753     
   6.79000000000000        2.58146126663366     
   6.80000000000000        2.56463577635160     
   6.81000000000000        2.54763124747608     
   6.82000000000000        2.53045497297492     
   6.83000000000000        2.51311428452630     
   6.84000000000000        2.49561654782494     
   6.85000000000000        2.47796915788058     
   6.86000000000000        2.46017953431255     
   6.87000000000000        2.44225511664391     
   6.88000000000000        2.42420335959883     
   6.89000000000000        2.40603172840664     
   6.90000000000000        2.38774769411636     
   6.91000000000000        2.36935872892499     
   6.92000000000000        2.35087230152331     
   6.93000000000000        2.33229587246259     
   6.94000000000000        2.31363688954569     
   6.95000000000000        2.29490278324612     
   6.96000000000000        2.27610096215837     
   6.97000000000000        2.25723880848294     
   6.98000000000000        2.23832367354953     
   6.99000000000000        2.21936287338158     
   7.00000000000000        2.20036368430553     
   7.01000000000000        2.18133333860801     
   7.02000000000000        2.16227902024421     
   7.03000000000000        2.14320786060045     
   7.04000000000000        2.12412693431427     
   7.05000000000000        2.10504325515480     
   7.06000000000000        2.08596377196668     
   7.07000000000000        2.06689536468017     
   7.08000000000000        2.04784484039067     
   7.09000000000000        2.02881892951008     
   7.10000000000000        2.00982428199297     
   7.11000000000000        1.99086746364027     
   7.12000000000000        1.97195495248279     
   7.13000000000000        1.95309313524756     
   7.14000000000000        1.93428830390888     
   7.15000000000000        1.91554665232705     
   7.16000000000000        1.89687427297662     
   7.17000000000000        1.87827715376655     
   7.18000000000000        1.85976117495456     
   7.19000000000000        1.84133210615746     
   7.20000000000000        1.82299560345966     
   7.21000000000000        1.80475720662156     
   7.22000000000000        1.78662233638988     
   7.23000000000000        1.76859629191124     
   7.24000000000000        1.75068424825112     
   7.25000000000000        1.73289125401924     
   7.26000000000000        1.71522222910311     
   7.27000000000000        1.69768196251102     
   7.28000000000000        1.68027511032566     
   7.29000000000000        1.66300619376957     
   7.30000000000000        1.64587959738348     
   7.31000000000000        1.62889956731850     
   7.32000000000000        1.61207020974302     
   7.33000000000000        1.59539548936508     
   7.34000000000000        1.57887922807086     
   7.35000000000000        1.56252510367991     
   7.36000000000000        1.54633664881762     
   7.37000000000000        1.53031724990505     
   7.38000000000000        1.51447014626688     
   7.39000000000000        1.49879842935705     
   7.40000000000000        1.48330504210269     
   7.41000000000000        1.46799277836604     
   7.42000000000000        1.45286428252420     
   7.43000000000000        1.43792204916674     
   7.44000000000000        1.42316842291052     
   7.45000000000000        1.40860559833160     
   7.46000000000000        1.39423562001353     
   7.47000000000000        1.38006038271148     
   7.48000000000000        1.36608163163147     
   7.49000000000000        1.35230096282403     
   7.50000000000000        1.33871982369111     
   7.51000000000000        1.32533951360558     
   7.52000000000000        1.31216118464204     
   7.53000000000000        1.29918584241776     
   7.54000000000000        1.28641434704264     
   7.55000000000000        1.27384741417669     
   7.56000000000000        1.26148561619367     
   7.57000000000000        1.24932938344933     
   7.58000000000000        1.23737900565272     
   7.59000000000000        1.22563463333880     
   7.60000000000000        1.21409627944062     
   7.61000000000000        1.20276382095922     
   7.62000000000000        1.19163700072935     
   7.63000000000000        1.18071542927901     
   7.64000000000000        1.16999858678068     
   7.65000000000000        1.15948582509217     
   7.66000000000000        1.14917636988489     
   7.67000000000000        1.13906932285716     
   7.68000000000000        1.12916366403040     
   7.69000000000000        1.11945825412554     
   7.70000000000000        1.10995183701751     
   7.71000000000000        1.10064304226491     
   7.72000000000000        1.09153038771273     
   7.73000000000000        1.08261228216499     
   7.74000000000000        1.07388702812507     
   7.75000000000000        1.06535282460074     
   7.76000000000000        1.05700776997116     
   7.77000000000000        1.04884986491308     
   7.78000000000000        1.04087701538338     
   7.79000000000000        1.03308703565500     
   7.80000000000000        1.02547765140338     
   7.81000000000000        1.01804650284042     
   7.82000000000000        1.01079114789301     
   7.83000000000000        1.00370906542302     
   7.84000000000000       0.996797658485845     
   7.85000000000000       0.990054257624252     
   7.86000000000000       0.983476124194679     
   7.87000000000000       0.977060453722653     
   7.88000000000000       0.970804379284384     
   7.89000000000000       0.964704974911316     
   7.90000000000000       0.958759259014561     
   7.91000000000000       0.952964197826040     
   7.92000000000000       0.947316708853217     
   7.93000000000000       0.941813664344290     
   7.94000000000000       0.936451894760690     
   7.95000000000000       0.931228192253791     
   7.96000000000000       0.926139314142669     
   7.97000000000000       0.921181986389877     
   7.98000000000000       0.916352907072055     
   7.99000000000000       0.911648749842402     
   8.00000000000000       0.907066167381874     
   8.01000000000000       0.902601794836135     
   8.02000000000000       0.898252253235237     
   8.03000000000000       0.894014152893055     
   8.04000000000000       0.889884096783551     
   8.05000000000000       0.885858683890922     
   8.06000000000000       0.881934512530811     
   8.07000000000000       0.878108183639689     
   8.08000000000000       0.874376304029668     
   8.09000000000000       0.870735489605957     
   8.10000000000000       0.867182368544267     
   8.11000000000000       0.863713584425530     
   8.12000000000000       0.860325799325290     
   8.13000000000000       0.857015696855251     
   8.14000000000000       0.853779985154444     
   8.15000000000000       0.850615399827626     
   8.16000000000000       0.847518706828471     
   8.17000000000000       0.844486705285265     
   8.18000000000000       0.841516230266861     
   8.19000000000000       0.838604155486661     
   8.20000000000000       0.835747395942534     
   8.21000000000000       0.832942910490596     
   8.22000000000000       0.830187704350874     
   8.23000000000000       0.827478831542931     
   8.24000000000000       0.824813397249620     
   8.25000000000000       0.822188560107188     
   8.26000000000000       0.819601534420054     
   8.27000000000000       0.817049592298637     
   8.28000000000000       0.814530065718708     
   8.29000000000000       0.812040348500809     
   8.30000000000000       0.809577898208367     
   8.31000000000000       0.807140237963218     
   8.32000000000000       0.804724958177323     
   8.33000000000000       0.802329718199575     
   8.34000000000000       0.799952247876634     
   8.35000000000000       0.797590349026859     
   8.36000000000000       0.795241896826462     
   8.37000000000000       0.792904841107110     
   8.38000000000000       0.790577207564286     
   8.39000000000000       0.788257098875795     
   8.40000000000000       0.785942695729921     
   8.41000000000000       0.783632257762790     
   8.42000000000000       0.781324124404608     
   8.43000000000000       0.779016715634535     
   8.44000000000000       0.776708532644015     
   8.45000000000000       0.774398158408513     
   8.46000000000000       0.772084258167656     
   8.47000000000000       0.769765579813899     
   8.48000000000000       0.767440954189899     
   8.49000000000000       0.765109295294879     
   8.50000000000000       0.762769600400359     
   8.51000000000000       0.760420950075689     
   8.52000000000000       0.758062508123943     
   8.53000000000000       0.755693521428785     
   8.54000000000000       0.753313319713026     
   8.55000000000000       0.750921315209647     
   8.56000000000000       0.748517002246193     
   8.57000000000000       0.746099956743449     
   8.58000000000000       0.743669835629481     
   8.59000000000000       0.741226376170126     
   8.60000000000000       0.738769395217119     
   8.61000000000000       0.736298788375168     
   8.62000000000000       0.733814529089257     
   8.63000000000000       0.731316667653659     
   8.64000000000000       0.728805330144091     
   8.65000000000000       0.726280717274620     
   8.66000000000000       0.723743103180911     
   8.67000000000000       0.721192834131531     
   8.68000000000000       0.718630327169073     
   8.69000000000000       0.716056068682899     
   8.70000000000000       0.713470612915430     
   8.71000000000000       0.710874580403881     
   8.72000000000000       0.708268656359478     
   8.73000000000000       0.705653588986200     
   8.74000000000000       0.703030187741160     
   8.75000000000000       0.700399321538788     
   8.76000000000000       0.697761916901025     
   8.77000000000000       0.695118956055793     
   8.78000000000000       0.692471474986035     
   8.79000000000000       0.689820561431680     
   8.80000000000000       0.687167352846901     
   8.81000000000000       0.684513034315115     
   8.82000000000000       0.681858836424147     
   8.83000000000000       0.679206033104081     
   8.84000000000000       0.676555939430300     
   8.85000000000000       0.673909909394255     
   8.86000000000000       0.671269333644558     
   8.87000000000000       0.668635637200969     
   8.88000000000000       0.666010277143915     
   8.89000000000000       0.663394740282136     
   8.90000000000000       0.660790540801158     
   8.91000000000000       0.658199217895196     
   8.92000000000000       0.655622333385187     
   8.93000000000000       0.653061469325623     
   8.94000000000000       0.650518225602852     
   8.95000000000000       0.647994217527535     
   8.96000000000000       0.645491073423937     
   8.97000000000000       0.643010432218725     
   8.98000000000000       0.640553941031941     
   8.99000000000000       0.638123252772811     
   9.00000000000000       0.635720023743040     
   9.01000000000000       0.633345911250219     
   9.02000000000000       0.631002571233974     
   9.03000000000000       0.628691655907438     
   9.04000000000000       0.626414811416644     
   9.05000000000000       0.624173675520359     
   9.06000000000000       0.621969875292922     
   9.07000000000000       0.619805024852547     
   9.08000000000000       0.617680723117576     
   9.09000000000000       0.615598551593105     
   9.10000000000000       0.613560072190370     
   9.11000000000000       0.611566825081263     
   9.12000000000000       0.609620326590270     
   9.13000000000000       0.607722067126122     
   9.14000000000000       0.605873509155369     
   9.15000000000000       0.604076085220055     
   9.16000000000000       0.602331196001636     
   9.17000000000000       0.600640208433184     
   9.18000000000000       0.599004453861944     
   9.19000000000000       0.597425226264158     
   9.20000000000000       0.595903780514112     
   9.21000000000000       0.594441330709209     
   9.22000000000000       0.593039048552901     
   9.23000000000000       0.591698061797162     
   9.24000000000000       0.590419452746182     
   9.25000000000000       0.589204256822882     
   9.26000000000000       0.588053461199751     
   9.27000000000000       0.586968003495480     
   9.28000000000000       0.585948770538773     
   9.29000000000000       0.584996597200642     
   9.30000000000000       0.584112265296432     
   9.31000000000000       0.583296502558735     
   9.32000000000000       0.582549981682289     
   9.33000000000000       0.581873319441869     
   9.34000000000000       0.581267075884102     
   9.35000000000000       0.580731753594073     
   9.36000000000000       0.580267797037485     
   9.37000000000000       0.579875591979083     
   9.38000000000000       0.579555464977945     
   9.39000000000000       0.579307682960182     
   9.40000000000000       0.579132452869500     
   9.41000000000000       0.579029921395987     
   9.42000000000000       0.579000174783423     
   9.43000000000000       0.579043238715302     
   9.44000000000000       0.579159078279702     
   9.45000000000000       0.579347598013035     
   9.46000000000000       0.579608642022627     
   9.47000000000000       0.579941994188004     
   9.48000000000000       0.580347378440671     
   9.49000000000000       0.580824459122092     
   9.50000000000000       0.581372841419480     
   9.51000000000000       0.581992071878956     
   9.52000000000000       0.582681638995520     
   9.53000000000000       0.583440973879218     
   9.54000000000000       0.584269450996799     
   9.55000000000000       0.585166388988071     
   9.56000000000000       0.586131051556106     
   9.57000000000000       0.587162648430342     
   9.58000000000000       0.588260336401562     
   9.59000000000000       0.589423220427658     
   9.60000000000000       0.590650354809008     
   9.61000000000000       0.591940744432208     
   9.62000000000000       0.593293346080867     
   9.63000000000000       0.594707069812034     
   9.64000000000000       0.596180780396836     
   9.65000000000000       0.597713298823758     
   9.66000000000000       0.599303403862996     
   9.67000000000000       0.600949833690203     
   9.68000000000000       0.602651287567895     
   9.69000000000000       0.604406427582733     
   9.70000000000000       0.606213880436823     
   9.71000000000000       0.608072239291126     
   9.72000000000000       0.609980065658989     
   9.73000000000000       0.611935891347798     
   9.74000000000000       0.613938220446650     
   9.75000000000000       0.615985531357918     
   9.76000000000000       0.618076278870544     
   9.77000000000000       0.620208896272795     
   9.78000000000000       0.622381797502250     
   9.79000000000000       0.624593379330667     
   9.80000000000000       0.626842023581390     
   9.81000000000000       0.629126099376892     
   9.82000000000000       0.631443965414028     
   9.83000000000000       0.633793972264514     
   9.84000000000000       0.636174464698155     
   9.85000000000000       0.638583784026289     
   9.86000000000000       0.641020270462867     
   9.87000000000000       0.643482265500638     
   9.88000000000000       0.645968114299796     
   9.89000000000000       0.648476168086489     
   9.90000000000000       0.651004786558561     
   9.91000000000000       0.653552340295856     
   9.92000000000000       0.656117213172452     
   9.93000000000000       0.658697804768118     
   9.94000000000000       0.661292532776365     
   9.95000000000000       0.663899835406361     
   9.96000000000000       0.666518173776078     
   9.97000000000000       0.669146034293952     
   9.98000000000000       0.671781931026414     
   9.99000000000000       0.674424408048596     
   10.0000000000000       0.677072041775583     
